{
  "fl_x": 550,
  "fl_y": 550,
  "cx": 256,
  "cy": 256,
  "w": 512,
  "h": 512,
  "aabb": [
    [
      -0.7,
      -0.9,
      -0.7
    ],
    [
      0.7,
      0.9,
      0.7
    ]
  ],
  "ignorex": true,
  "frames": [
    {
      "file_path": "./rgb/_00.png",
      "transform_matrix": [
        [
          0.984807753012208,
          0.04494345552754779,
          -0.16773125949652065,
          -0.33546251899304125
        ],
        [
          0.0,
          0.9659258262890683,
          0.2588190451025208,
          0.5176380902050415
        ],
        [
          0.17364817766693036,
          -0.2548870022441788,
          0.9512512425641978,
          1.9025024851283954
        ],
        [
          0.0,
          0.0,
          0.0,
          1.0
        ]
      ],
      "depth_file_path": "./dep/_00.png",
      "op_file_path": "./op/_00.png",
      "view_related_prompt": "",
      "mask_path": "./msk/_00.png",
      "global_normal_path": "./nml/_00.png"
    },
    {
      "file_path": "./rgb/_01.png",
      "transform_matrix": [
        [
          0.17364817766693041,
          -0.2548870022441788,
          0.9512512425641978,
          1.9025024851283954
        ],
        [
          0.0,
          0.9659258262890682,
          0.2588190451025208,
          0.5176380902050415
        ],
        [
          -0.9848077530122079,
          -0.044943455527547804,
          0.16773125949652073,
          0.3354625189930414
        ],
        [
          0.0,
          0.0,
          0.0,
          1.0
        ]
      ],
      "depth_file_path": "./dep/_01.png",
      "op_file_path": "./op/_01.png",
      "view_related_prompt": ", from left-hand side, from behind",
      "mask_path": "./msk/_01.png",
      "global_normal_path": "./nml/_01.png"
    },
    {
      "file_path": "./rgb/_02.png",
      "transform_matrix": [
        [
          -0.9848077530122079,
          -0.04494345552754786,
          0.16773125949652096,
          0.3354625189930419
        ],
        [
          0.0,
          0.9659258262890682,
          0.25881904510252074,
          0.5176380902050415
        ],
        [
          -0.17364817766693066,
          0.25488700224417876,
          -0.9512512425641977,
          -1.9025024851283954
        ],
        [
          0.0,
          0.0,
          0.0,
          1.0
        ]
      ],
      "depth_file_path": "./dep/_02.png",
      "op_file_path": "./op/_02.png",
      "view_related_prompt": ", from behind",
      "mask_path": "./msk/_02.png",
      "global_normal_path": "./nml/_02.png"
    },
    {
      "file_path": "./rgb/_03.png",
      "transform_matrix": [
        [
          -0.17364817766693036,
          0.2548870022441788,
          -0.9512512425641978,
          -1.9025024851283954
        ],
        [
          0.0,
          0.9659258262890683,
          0.2588190451025208,
          0.5176380902050415
        ],
        [
          0.984807753012208,
          0.04494345552754779,
          -0.16773125949652065,
          -0.33546251899304125
        ],
        [
          0.0,
          0.0,
          0.0,
          1.0
        ]
      ],
      "depth_file_path": "./dep/_03.png",
      "op_file_path": "./op/_03.png",
      "view_related_prompt": ", from right-hand side, from behind",
      "mask_path": "./msk/_03.png",
      "global_normal_path": "./nml/_03.png"
    }
  ]
}