{
  "fl_x": 550,
  "fl_y": 550,
  "cx": 256,
  "cy": 256,
  "w": 512,
  "h": 512,
  "aabb": [
    [
      -0.7,
      -0.9,
      -0.7
    ],
    [
      0.7,
      0.9,
      0.7
    ]
  ],
  "ignorex": true,
  "frames": [
    {
      "file_path": "./rgb/_00.png",
      "transform_matrix": [
        [
          0.9999999999999999,
          0.0,
          0.0,
          0.0
        ],
        [
          0.0,
          0.9659258262890683,
          0.2588190451025208,
          0.5176380902050416
        ],
        [
          0.0,
          -0.25881904510252074,
          0.9659258262890684,
          1.9318516525781368
        ],
        [
          0.0,
          0.0,
          0.0,
          1.0
        ]
      ],
      "depth_file_path": "./dep/_00.png",
      "op_file_path": "./op/_00.png",
      "view_related_prompt": "",
      "mask_path": "./msk/_00.png",
      "global_normal_path": "./nml/_00.png"
    },
    {
      "file_path": "./rgb/_01.png",
      "transform_matrix": [
        [
          0.7071067811865475,
          -0.1830127018922193,
          0.6830127018922194,
          1.366025403784439
        ],
        [
          0.0,
          0.9659258262890683,
          0.25881904510252074,
          0.5176380902050416
        ],
        [
          -0.7071067811865475,
          -0.1830127018922193,
          0.6830127018922194,
          1.366025403784439
        ],
        [
          0.0,
          0.0,
          0.0,
          1.0
        ]
      ],
      "depth_file_path": "./dep/_01.png",
      "op_file_path": "./op/_01.png",
      "view_related_prompt": ", from left-hand side",
      "mask_path": "./msk/_01.png",
      "global_normal_path": "./nml/_01.png"
    },
    {
      "file_path": "./rgb/_02.png",
      "transform_matrix": [
        [
          6.123233995736765e-17,
          -0.25881904510252074,
          0.9659258262890684,
          1.9318516525781368
        ],
        [
          0.0,
          0.9659258262890683,
          0.2588190451025208,
          0.5176380902050416
        ],
        [
          -0.9999999999999999,
          -1.5848095757158825e-17,
          5.914589856893349e-17,
          1.1829179713786698e-16
        ],
        [
          0.0,
          0.0,
          0.0,
          1.0
        ]
      ],
      "depth_file_path": "./dep/_02.png",
      "op_file_path": "./op/_02.png",
      "view_related_prompt": ", from left-hand side, from behind",
      "mask_path": "./msk/_02.png",
      "global_normal_path": "./nml/_02.png"
    },
    {
      "file_path": "./rgb/_03.png",
      "transform_matrix": [
        [
          -0.7071067811865474,
          -0.1830127018922193,
          0.6830127018922194,
          1.366025403784439
        ],
        [
          0.0,
          0.9659258262890682,
          0.25881904510252074,
          0.5176380902050416
        ],
        [
          -0.7071067811865475,
          0.18301270189221927,
          -0.6830127018922193,
          -1.3660254037844388
        ],
        [
          0.0,
          0.0,
          0.0,
          1.0
        ]
      ],
      "depth_file_path": "./dep/_03.png",
      "op_file_path": "./op/_03.png",
      "view_related_prompt": ", from left-hand side, from behind",
      "mask_path": "./msk/_03.png",
      "global_normal_path": "./nml/_03.png"
    },
    {
      "file_path": "./rgb/_04.png",
      "transform_matrix": [
        [
          -0.9999999999999999,
          -3.169619151431765e-17,
          1.1829179713786698e-16,
          2.3658359427573397e-16
        ],
        [
          0.0,
          0.9659258262890683,
          0.2588190451025208,
          0.5176380902050416
        ],
        [
          -1.224646799147353e-16,
          0.25881904510252074,
          -0.9659258262890684,
          -1.9318516525781368
        ],
        [
          0.0,
          0.0,
          0.0,
          1.0
        ]
      ],
      "depth_file_path": "./dep/_04.png",
      "op_file_path": "./op/_04.png",
      "view_related_prompt": ", from behind",
      "mask_path": "./msk/_04.png",
      "global_normal_path": "./nml/_04.png"
    },
    {
      "file_path": "./rgb/_05.png",
      "transform_matrix": [
        [
          -0.7071067811865475,
          0.18301270189221927,
          -0.6830127018922193,
          -1.3660254037844388
        ],
        [
          0.0,
          0.9659258262890682,
          0.25881904510252074,
          0.5176380902050416
        ],
        [
          0.7071067811865474,
          0.1830127018922193,
          -0.6830127018922194,
          -1.366025403784439
        ],
        [
          0.0,
          0.0,
          0.0,
          1.0
        ]
      ],
      "depth_file_path": "./dep/_05.png",
      "op_file_path": "./op/_05.png",
      "view_related_prompt": ", from right-hand side, from behind",
      "mask_path": "./msk/_05.png",
      "global_normal_path": "./nml/_05.png"
    },
    {
      "file_path": "./rgb/_06.png",
      "transform_matrix": [
        [
          -1.8369701987210294e-16,
          0.25881904510252074,
          -0.9659258262890684,
          -1.9318516525781368
        ],
        [
          0.0,
          0.9659258262890683,
          0.2588190451025208,
          0.5176380902050416
        ],
        [
          0.9999999999999999,
          4.754428727147647e-17,
          -1.774376957068005e-16,
          -3.54875391413601e-16
        ],
        [
          0.0,
          0.0,
          0.0,
          1.0
        ]
      ],
      "depth_file_path": "./dep/_06.png",
      "op_file_path": "./op/_06.png",
      "view_related_prompt": ", from right-hand side, from behind",
      "mask_path": "./msk/_06.png",
      "global_normal_path": "./nml/_06.png"
    },
    {
      "file_path": "./rgb/_07.png",
      "transform_matrix": [
        [
          0.7071067811865474,
          0.18301270189221935,
          -0.6830127018922195,
          -1.366025403784439
        ],
        [
          0.0,
          0.9659258262890683,
          0.2588190451025208,
          0.5176380902050416
        ],
        [
          0.7071067811865476,
          -0.1830127018922193,
          0.6830127018922193,
          1.3660254037844386
        ],
        [
          0.0,
          0.0,
          0.0,
          1.0
        ]
      ],
      "depth_file_path": "./dep/_07.png",
      "op_file_path": "./op/_07.png",
      "view_related_prompt": ", from right-hand side",
      "mask_path": "./msk/_07.png",
      "global_normal_path": "./nml/_07.png"
    },
    {
      "file_path": "./rgb/_08.png",
      "transform_matrix": [
        [
          0.9999999999999999,
          0.0,
          0.0,
          0.0
        ],
        [
          0.0,
          0.9590892476626129,
          0.2831038943885493,
          0.7713451316238472
        ],
        [
          0.0,
          -0.2831038943885493,
          0.9590892476626129,
          0.9192533317427737
        ],
        [
          0.0,
          0.0,
          0.0,
          1.0
        ]
      ],
      "depth_file_path": "./dep/_08.png",
      "op_file_path": "./op/_08.png",
      "view_related_prompt": "",
      "mask_path": "./msk/_08.png",
      "global_normal_path": "./nml/_08.png"
    },
    {
      "file_path": "./rgb/_09.png",
      "transform_matrix": [
        [
          0.7071067811865475,
          -0.20018468350246335,
          0.6781785107853378,
          0.6500102645036423
        ],
        [
          0.0,
          0.9590892476626129,
          0.2831038943885493,
          0.7713451316238472
        ],
        [
          -0.7071067811865474,
          -0.20018468350246338,
          0.6781785107853379,
          0.6500102645036424
        ],
        [
          0.0,
          0.0,
          0.0,
          1.0
        ]
      ],
      "depth_file_path": "./dep/_09.png",
      "op_file_path": "./op/_09.png",
      "view_related_prompt": ", from left-hand side",
      "mask_path": "./msk/_09.png",
      "global_normal_path": "./nml/_09.png"
    },
    {
      "file_path": "./rgb/_10.png",
      "transform_matrix": [
        [
          6.123233995736765e-17,
          -0.2831038943885493,
          0.9590892476626129,
          0.9192533317427737
        ],
        [
          0.0,
          0.9590892476626129,
          0.2831038943885493,
          0.7713451316238472
        ],
        [
          -0.9999999999999999,
          -1.7335113904454362e-17,
          5.87272788623331e-17,
          5.628803251621639e-17
        ],
        [
          0.0,
          0.0,
          0.0,
          1.0
        ]
      ],
      "depth_file_path": "./dep/_10.png",
      "op_file_path": "./op/_10.png",
      "view_related_prompt": ", from left-hand side, from behind",
      "mask_path": "./msk/_10.png",
      "global_normal_path": "./nml/_10.png"
    },
    {
      "file_path": "./rgb/_11.png",
      "transform_matrix": [
        [
          -0.7071067811865472,
          -0.20018468350246343,
          0.6781785107853379,
          0.6500102645036424
        ],
        [
          0.0,
          0.9590892476626129,
          0.2831038943885493,
          0.7713451316238472
        ],
        [
          -0.7071067811865475,
          0.20018468350246338,
          -0.6781785107853376,
          -0.6500102645036422
        ],
        [
          0.0,
          0.0,
          0.0,
          1.0
        ]
      ],
      "depth_file_path": "./dep/_11.png",
      "op_file_path": "./op/_11.png",
      "view_related_prompt": ", from left-hand side, from behind",
      "mask_path": "./msk/_11.png",
      "global_normal_path": "./nml/_11.png"
    },
    {
      "file_path": "./rgb/_12.png",
      "transform_matrix": [
        [
          -0.9999999999999999,
          -3.4670227808908723e-17,
          1.174545577246662e-16,
          1.1257606503243277e-16
        ],
        [
          0.0,
          0.9590892476626129,
          0.2831038943885493,
          0.7713451316238472
        ],
        [
          -1.224646799147353e-16,
          0.2831038943885493,
          -0.9590892476626129,
          -0.9192533317427737
        ],
        [
          0.0,
          0.0,
          0.0,
          1.0
        ]
      ],
      "depth_file_path": "./dep/_12.png",
      "op_file_path": "./op/_12.png",
      "view_related_prompt": ", from behind",
      "mask_path": "./msk/_12.png",
      "global_normal_path": "./nml/_12.png"
    },
    {
      "file_path": "./rgb/_13.png",
      "transform_matrix": [
        [
          -0.7071067811865476,
          0.20018468350246335,
          -0.6781785107853376,
          -0.6500102645036422
        ],
        [
          0.0,
          0.9590892476626129,
          0.2831038943885493,
          0.7713451316238472
        ],
        [
          0.7071067811865474,
          0.20018468350246343,
          -0.6781785107853379,
          -0.6500102645036424
        ],
        [
          0.0,
          0.0,
          0.0,
          1.0
        ]
      ],
      "depth_file_path": "./dep/_13.png",
      "op_file_path": "./op/_13.png",
      "view_related_prompt": ", from right-hand side, from behind",
      "mask_path": "./msk/_13.png",
      "global_normal_path": "./nml/_13.png"
    },
    {
      "file_path": "./rgb/_14.png",
      "transform_matrix": [
        [
          -1.8369701987210294e-16,
          0.2831038943885493,
          -0.9590892476626129,
          -0.9192533317427737
        ],
        [
          0.0,
          0.9590892476626129,
          0.2831038943885493,
          0.7713451316238472
        ],
        [
          0.9999999999999999,
          5.2005341713363085e-17,
          -1.7618183658699928e-16,
          -1.6886409754864915e-16
        ],
        [
          0.0,
          0.0,
          0.0,
          1.0
        ]
      ],
      "depth_file_path": "./dep/_14.png",
      "op_file_path": "./op/_14.png",
      "view_related_prompt": ", from right-hand side, from behind",
      "mask_path": "./msk/_14.png",
      "global_normal_path": "./nml/_14.png"
    },
    {
      "file_path": "./rgb/_15.png",
      "transform_matrix": [
        [
          0.7071067811865472,
          0.2001846835024635,
          -0.6781785107853379,
          -0.6500102645036424
        ],
        [
          0.0,
          0.9590892476626129,
          0.2831038943885493,
          0.7713451316238472
        ],
        [
          0.7071067811865476,
          -0.20018468350246338,
          0.6781785107853375,
          0.6500102645036421
        ],
        [
          0.0,
          0.0,
          0.0,
          1.0
        ]
      ],
      "depth_file_path": "./dep/_15.png",
      "op_file_path": "./op/_15.png",
      "view_related_prompt": ", from right-hand side",
      "mask_path": "./msk/_15.png",
      "global_normal_path": "./nml/_15.png"
    }
  ]
}